---Start training---

Epoch: 500 Loss: [[2.53619979]]

Epoch: 1000 Loss: [[2.47928746]]

Epoch: 1500 Loss: [[2.42279755]]

Epoch: 2000 Loss: [[2.36676354]]

Epoch: 2500 Loss: [[2.31121755]]

Epoch: 3000 Loss: [[2.25619075]]

Epoch: 3500 Loss: [[2.20171366]]

Epoch: 4000 Loss: [[2.14781653]]

Epoch: 4500 Loss: [[2.09452956]]

Epoch: 5000 Loss: [[2.04188319]]

---Training finished---

Train result:

Accuracy: 0.49

Wrong Prediction Count: 51

---Start testing---

Test result:

Accuracy: 0.43

Wrong Prediction Count: 57

---Testing finished---

Test Prediction:

[[0.02404794]
 [0.01841949]
 [0.02124604]
 [0.01799168]
 [0.01864445]
 [0.01754645]
 [0.0171412 ]
 [0.01978619]
 [0.02418414]
 [0.01873603]
 [0.02098819]
 [0.01937939]
 [0.02302781]
 [0.02634225]
 [0.01946823]
 [0.01740787]
 [0.02112234]
 [0.01959034]
 [0.02386299]
 [0.01893591]
 [0.02193515]
 [0.01797388]
 [0.0180774 ]
 [0.02303069]
 [0.01935136]
 [0.01811318]
 [0.01948118]
 [0.01786769]
 [0.02123109]
 [0.02002473]
 [0.02457961]
 [0.02240443]
 [0.02615947]
 [0.01834381]
 [0.01756084]
 [0.0232058 ]
 [0.02025294]
 [0.02378299]
 [0.01940008]
 [0.01844479]
 [0.02411182]
 [0.01917935]
 [0.01862507]
 [0.01968172]
 [0.01788869]
 [0.02076082]
 [0.02195388]
 [0.02175128]
 [0.02183522]
 [0.02468887]
 [0.02058169]
 [0.01871568]
 [0.01931667]
 [0.01984324]
 [0.01869909]
 [0.01940675]
 [0.01858045]
 [0.02792646]
 [0.02045582]
 [0.02668674]
 [0.02086431]
 [0.02395994]
 [0.01698339]
 [0.01967203]
 [0.01959529]
 [0.01980071]
 [0.01733695]
 [0.0234153 ]
 [0.01704152]
 [0.01992108]
 [0.02073231]
 [0.02391088]
 [0.01695541]
 [0.02228251]
 [0.02079344]
 [0.01830555]
 [0.01854904]
 [0.01782583]
 [0.02255926]
 [0.02711599]
 [0.01948316]
 [0.01858478]
 [0.0238386 ]
 [0.02161676]
 [0.01995689]
 [0.01883906]
 [0.02128838]
 [0.02216087]
 [0.01765745]
 [0.02026675]
 [0.02259569]
 [0.01942887]
 [0.02149263]
 [0.01923154]
 [0.0192866 ]
 [0.01902125]
 [0.01910106]
 [0.02458611]
 [0.02253022]
 [0.01721167]]
