---Start training---

Epoch: 500 Loss: [[0.08457304]]

Epoch: 1000 Loss: [[0.06239987]]

Epoch: 1500 Loss: [[0.05167505]]

Epoch: 2000 Loss: [[0.04500614]]

Epoch: 2500 Loss: [[0.040297]]

Epoch: 3000 Loss: [[0.03671097]]

Epoch: 3500 Loss: [[0.03384181]]

Epoch: 4000 Loss: [[0.03146525]]

Epoch: 4500 Loss: [[0.029446]]

Epoch: 5000 Loss: [[0.02769696]]

---Training finished---

Train result:

Accuracy: 0.99

Wrong Prediction Count: 1

---Start testing---

Test result:

Accuracy: 0.97

Wrong Prediction Count: 3

---Testing finished---

Test Prediction:

[[9.98427655e-01]
 [2.60598087e-01]
 [9.99998975e-01]
 [9.99052728e-01]
 [9.92963525e-01]
 [1.91473857e-01]
 [9.99976414e-01]
 [3.35771411e-07]
 [1.45790255e-01]
 [2.47421561e-01]
 [9.54519719e-01]
 [9.99028030e-01]
 [7.98639121e-06]
 [9.99998009e-01]
 [4.71560754e-03]
 [4.20886740e-03]
 [4.40961561e-01]
 [9.99999825e-01]
 [9.99999685e-01]
 [5.74231625e-08]
 [9.98625309e-01]
 [4.51805840e-01]
 [9.99997391e-01]
 [4.50334698e-05]
 [1.40115346e-03]
 [2.71508982e-03]
 [9.37072510e-05]
 [8.19937733e-04]
 [1.72098701e-06]
 [3.84600686e-05]
 [9.94201731e-01]
 [9.99996802e-01]
 [6.69221230e-06]
 [1.26096029e-02]
 [9.99999981e-01]
 [9.99950898e-01]
 [9.99999990e-01]
 [9.67021912e-05]
 [9.99997312e-01]
 [9.99999948e-01]
 [5.56868964e-01]
 [9.98023519e-01]
 [8.66424993e-05]
 [2.36911389e-07]
 [9.99999986e-01]
 [4.88029116e-02]
 [6.08589166e-04]
 [9.04357349e-01]
 [9.99991776e-01]
 [9.97223054e-01]
 [9.99999847e-01]
 [9.99999193e-01]
 [9.99999850e-01]
 [7.91496617e-04]
 [1.19146229e-03]
 [3.60856616e-06]
 [9.99494353e-01]
 [9.99471501e-01]
 [9.98794891e-01]
 [4.72547782e-02]
 [9.99998214e-01]
 [8.54389596e-01]
 [9.99996813e-01]
 [2.83327392e-06]
 [7.27425243e-02]
 [1.09851107e-02]
 [9.99999955e-01]
 [4.49843863e-08]
 [9.99999948e-01]
 [9.38523724e-01]
 [1.05940484e-03]
 [8.08312771e-01]
 [1.03654734e-03]
 [3.88997708e-06]
 [9.99999910e-01]
 [1.65071142e-01]
 [9.99999235e-01]
 [6.59097498e-08]
 [1.48181782e-07]
 [4.28143677e-08]
 [9.99994439e-01]
 [1.76827926e-06]
 [9.99940761e-01]
 [2.06841393e-04]
 [4.82514896e-06]
 [9.99852636e-01]
 [3.58612867e-07]
 [9.99998812e-01]
 [9.99976619e-01]
 [4.08828199e-06]
 [9.99979987e-01]
 [2.30967514e-04]
 [9.99999058e-01]
 [7.28548804e-08]
 [3.03214017e-06]
 [3.70115662e-02]
 [9.99999985e-01]
 [9.99945955e-01]
 [9.99992543e-01]
 [9.99999978e-01]]
