---Start training---

Epoch: 500 Loss: [[0.32407804]]

Epoch: 1000 Loss: [[0.14600037]]

Epoch: 1500 Loss: [[0.09331456]]

Epoch: 2000 Loss: [[0.06962502]]

Epoch: 2500 Loss: [[0.0560351]]

Epoch: 3000 Loss: [[0.04709159]]

Epoch: 3500 Loss: [[0.04068686]]

Epoch: 4000 Loss: [[0.03583518]]

Epoch: 4500 Loss: [[0.03201094]]

Epoch: 5000 Loss: [[0.02890628]]

---Training finished---

Train result:

Accuracy: 1.0

Wrong Prediction Count: 0

---Start testing---

Test result:

Accuracy: 1.0

Wrong Prediction Count: 0

---Testing finished---

Test Prediction:

[[8.56870550e-05]
 [9.99850049e-01]
 [1.61361077e-03]
 [9.99948659e-01]
 [9.99848006e-01]
 [9.99976383e-01]
 [9.99982059e-01]
 [9.03435610e-01]
 [8.09563326e-05]
 [9.99841762e-01]
 [3.84307820e-03]
 [9.81533475e-01]
 [1.54492216e-04]
 [5.42132404e-05]
 [9.72078068e-01]
 [9.99979101e-01]
 [2.50708321e-03]
 [9.73965999e-01]
 [9.14997647e-05]
 [9.98617041e-01]
 [6.11127629e-04]
 [9.99957025e-01]
 [9.99927465e-01]
 [1.43048757e-04]
 [9.96348043e-01]
 [9.99930038e-01]
 [9.59973509e-01]
 [9.99952036e-01]
 [1.90388246e-03]
 [7.69396357e-01]
 [7.26662944e-05]
 [2.77863899e-04]
 [5.55454395e-05]
 [9.99940287e-01]
 [9.99973450e-01]
 [1.30095625e-04]
 [7.75844741e-01]
 [9.29206338e-05]
 [9.79579756e-01]
 [9.99811115e-01]
 [8.63594141e-05]
 [9.94564193e-01]
 [9.99712657e-01]
 [8.52565898e-01]
 [9.99951072e-01]
 [8.48944402e-03]
 [3.99808644e-04]
 [6.95998556e-04]
 [6.25079166e-04]
 [7.12178616e-05]
 [3.64271434e-02]
 [9.99707191e-01]
 [9.97784787e-01]
 [6.57051770e-01]
 [9.99538535e-01]
 [9.84878153e-01]
 [9.99890591e-01]
 [4.74116855e-05]
 [3.46490656e-02]
 [5.22320563e-05]
 [3.08339430e-02]
 [8.75950690e-05]
 [9.99983562e-01]
 [8.65210241e-01]
 [9.81195081e-01]
 [9.09338972e-01]
 [9.99976956e-01]
 [1.15579814e-04]
 [9.99983051e-01]
 [5.85954999e-01]
 [1.13418384e-02]
 [9.08098625e-05]
 [9.99984408e-01]
 [2.75366531e-04]
 [3.36930379e-02]
 [9.99896771e-01]
 [9.99794692e-01]
 [9.99965731e-01]
 [1.96735707e-04]
 [5.02358196e-05]
 [9.93163949e-01]
 [9.99694945e-01]
 [9.11112232e-05]
 [1.26606377e-03]
 [9.75342318e-01]
 [9.99097384e-01]
 [6.60875219e-03]
 [4.43138317e-04]
 [9.99968520e-01]
 [8.44853031e-01]
 [2.39918648e-04]
 [9.98271100e-01]
 [2.01464908e-03]
 [9.97631721e-01]
 [9.94113339e-01]
 [9.97875032e-01]
 [9.97510523e-01]
 [7.45969570e-05]
 [1.98442867e-04]
 [9.99981974e-01]]
