---Start training---

Epoch: 0 Loss: [[2.64706033]]

Epoch: 1000 Loss: [[0.15247468]]

Epoch: 2000 Loss: [[0.07721619]]

Epoch: 3000 Loss: [[0.05511659]]

Epoch: 4000 Loss: [[0.04422465]]

Epoch: 5000 Loss: [[0.03760222]]

Epoch: 6000 Loss: [[0.03309164]]

Epoch: 7000 Loss: [[0.0297926]]

Epoch: 8000 Loss: [[0.02725859]]

Epoch: 9000 Loss: [[0.02524124]]

---Training finished---

Train result:

Accuracy: 0.999

Wrong Prediction Count: 1

---Start testing---

Test result:

Accuracy: 1.0

Wrong Prediction Count: 0

---Testing finished---

Test Prediction:

[[9.48675202e-04]
 [5.56569577e-06]
 [9.99074322e-01]
 [2.01858165e-05]
 [3.73777116e-04]
 [3.43848620e-03]
 [9.99988070e-01]
 [9.99859821e-01]
 [4.74905713e-06]
 [9.99998249e-01]
 [8.72653963e-01]
 [1.40470820e-05]
 [3.42112456e-05]
 [2.18434640e-05]
 [5.42297385e-05]
 [9.99634514e-01]
 [5.75300455e-02]
 [4.48051393e-06]
 [9.99995932e-01]
 [9.99880717e-01]
 [9.90815766e-01]
 [7.75902657e-05]
 [1.50293537e-05]
 [9.99998148e-01]
 [2.75322730e-05]
 [4.92256803e-06]
 [9.98294946e-01]
 [1.01479237e-05]
 [9.99973008e-01]
 [2.57814190e-03]
 [9.99997582e-01]
 [1.76487114e-02]
 [6.57451205e-04]
 [9.63085242e-06]
 [8.06060003e-01]
 [9.99961218e-01]
 [7.82660409e-04]
 [6.37236930e-04]
 [6.88579198e-06]
 [4.95853895e-05]
 [1.86512985e-01]
 [9.99997029e-01]
 [2.09321565e-05]
 [3.36429595e-02]
 [9.99988399e-01]
 [1.72215707e-03]
 [2.44417755e-01]
 [1.89838691e-04]
 [2.65335094e-02]
 [5.60951806e-03]
 [9.99959867e-01]
 [9.99966484e-01]
 [2.74352151e-05]
 [5.92632301e-06]
 [1.24726685e-01]
 [2.68025035e-03]
 [6.73612026e-05]
 [8.42512347e-01]
 [7.08161894e-06]
 [1.05395586e-03]
 [9.99995361e-01]
 [6.80447609e-06]
 [9.99996905e-01]
 [9.99863163e-01]
 [1.47456463e-04]
 [9.99997282e-01]
 [2.99896118e-05]
 [2.76382852e-05]
 [9.99997989e-01]
 [7.59709377e-06]
 [9.99991948e-01]
 [9.99983040e-01]
 [6.29964147e-06]
 [8.48489045e-06]
 [9.99970827e-01]
 [9.78274682e-01]
 [9.99996591e-01]
 [9.99996320e-01]
 [9.98088589e-01]
 [1.04834973e-03]
 [9.84650330e-03]
 [4.93000191e-01]
 [9.99995600e-01]
 [9.99993723e-01]
 [1.35742717e-04]
 [9.99984904e-01]
 [9.99998093e-01]
 [4.70565711e-06]
 [4.85724975e-05]
 [1.51645961e-05]
 [5.98666046e-03]
 [2.22582420e-04]
 [9.99998137e-01]
 [9.72177406e-01]
 [9.99997832e-01]
 [9.99974087e-01]
 [5.51983073e-06]
 [2.14231659e-01]
 [9.98025720e-01]
 [1.04651701e-05]]
