---Start training---

Epoch: 500 Loss: [[0.67830098]]

Epoch: 1000 Loss: [[0.67220082]]

Epoch: 1500 Loss: [[0.65261515]]

Epoch: 2000 Loss: [[0.54086935]]

Epoch: 2500 Loss: [[0.25775485]]

Epoch: 3000 Loss: [[0.13184423]]

Epoch: 3500 Loss: [[0.08716311]]

Epoch: 4000 Loss: [[0.06566308]]

Epoch: 4500 Loss: [[0.05311223]]

Epoch: 5000 Loss: [[0.04486778]]

---Training finished---

Train result:

Accuracy: 1.0

Wrong Prediction Count: 0

---Start testing---

Test result:

Accuracy: 1.0

Wrong Prediction Count: 0

---Testing finished---

Test Prediction:

[[0.9989445 ]
 [0.00927025]
 [0.22574261]
 [0.02971112]
 [0.90066197]
 [0.99643514]
 [0.99788285]
 [0.99784581]
 [0.95963255]
 [0.99109691]
 [0.99253616]
 [0.99861155]
 [0.99097582]
 [0.68004074]
 [0.46405409]
 [0.03041805]
 [0.97860156]
 [0.92227674]
 [0.00829943]
 [0.99894528]
 [0.9942472 ]
 [0.65368563]
 [0.10173708]
 [0.01084265]
 [0.00804349]
 [0.99864546]
 [0.99778792]
 [0.05181488]
 [0.00747413]
 [0.0066672 ]
 [0.82539383]
 [0.02228996]
 [0.99845969]
 [0.99813293]
 [0.8771992 ]
 [0.99887612]
 [0.00753478]
 [0.99840504]
 [0.00960494]
 [0.99864964]
 [0.00912614]
 [0.44479255]
 [0.99817346]
 [0.0075536 ]
 [0.99869984]
 [0.98677692]
 [0.01027927]
 [0.94692869]
 [0.99830313]
 [0.00785237]
 [0.00714004]
 [0.0431002 ]
 [0.05919109]
 [0.0067356 ]
 [0.65712737]
 [0.99799313]
 [0.99613931]
 [0.99384804]
 [0.08948576]
 [0.00934257]
 [0.08527944]
 [0.71083015]
 [0.99887861]
 [0.01410569]
 [0.89214244]
 [0.01417735]
 [0.64492873]
 [0.81470997]
 [0.00773414]
 [0.12039516]
 [0.99853944]
 [0.10585459]
 [0.02683346]
 [0.6857645 ]
 [0.31068315]
 [0.38039558]
 [0.99528624]
 [0.01555899]
 [0.99873678]
 [0.00788081]
 [0.99861775]
 [0.63067337]
 [0.79608993]
 [0.45481181]
 [0.00705823]
 [0.00803541]
 [0.99894361]
 [0.96261334]
 [0.99880109]
 [0.00736392]
 [0.00736343]
 [0.97115238]
 [0.99891927]
 [0.01006589]
 [0.99773296]
 [0.01198634]
 [0.97386772]
 [0.87745927]
 [0.7700709 ]
 [0.99885093]]
