Epoch: 500 Loss: [[0.049159524527153324]]
Epoch: 1000 Loss: [[0.015051454465132235]]
Epoch: 1500 Loss: [[0.01078408118115327]]
Epoch: 2000 Loss: [[0.008454761301510164]]
Epoch: 2500 Loss: [[0.006957034763814719]]
Epoch: 3000 Loss: [[0.005908932745870879]]
Epoch: 3500 Loss: [[0.0051332340106348675]]
Epoch: 4000 Loss: [[0.004535031259083738]]
Epoch: 4500 Loss: [[0.00405883078088405]]
Epoch: 5000 Loss: [[0.0036700653362175795]]
[[9.99967373e-01]
 [6.47475946e-30]
 [1.96795154e-26]
 [1.04216409e-01]
 [2.43372500e-29]
 [4.33953431e-25]
 [6.21715541e-03]
 [1.57912102e-05]
 [9.99999991e-01]
 [9.57888351e-04]
 [2.80071574e-15]
 [9.47695609e-01]
 [9.87347225e-01]
 [1.46108680e-07]
 [1.00000000e+00]
 [1.12055444e-10]
 [9.98821417e-01]
 [8.26711582e-12]
 [8.43457418e-01]
 [9.80165865e-01]
 [1.00000000e+00]
 [3.58900139e-07]
 [1.00000000e+00]
 [6.36831303e-24]
 [9.99999996e-01]
 [1.00000000e+00]
 [9.99999993e-01]
 [1.75544655e-12]
 [1.97415996e-04]
 [9.99189341e-01]
 [3.35160573e-01]
 [9.71802289e-01]
 [1.00000000e+00]
 [9.99984554e-01]
 [6.04892547e-14]
 [9.99956358e-01]
 [1.25482517e-22]
 [1.00000557e-11]
 [9.89143577e-01]
 [1.12626820e-05]
 [1.00000000e+00]
 [1.00000000e+00]
 [1.00000000e+00]
 [9.99996457e-01]
 [8.79426076e-04]
 [1.00000000e+00]
 [1.72575176e-01]
 [3.18686720e-15]
 [9.99987507e-01]
 [3.71982814e-12]
 [7.49859080e-11]
 [1.00000000e+00]
 [8.94831489e-24]
 [2.55687875e-04]
 [1.00000000e+00]
 [9.76437967e-01]
 [1.00000000e+00]
 [1.53423633e-18]
 [3.09167596e-04]
 [3.11424795e-14]
 [8.63416708e-05]
 [1.55456444e-25]
 [9.99999999e-01]
 [1.00000000e+00]
 [1.00000000e+00]
 [2.22217211e-05]
 [9.58617957e-01]
 [1.81910019e-08]
 [7.64826156e-16]
 [1.01502516e-14]
 [2.26824153e-17]
 [1.16187141e-18]
 [9.99854109e-01]
 [6.23780534e-04]
 [2.18064065e-03]
 [9.98920709e-01]
 [3.51512886e-08]
 [9.99957518e-01]
 [4.64246187e-11]
 [7.23435237e-04]
 [9.99980165e-01]
 [1.70655514e-04]
 [9.99999963e-01]
 [1.76463497e-19]
 [9.99999986e-01]
 [1.49046998e-01]
 [1.75618766e-05]
 [1.00000000e+00]
 [9.99999959e-01]
 [6.93972453e-01]
 [2.16492331e-03]
 [9.18725771e-02]
 [1.00000000e+00]
 [1.00000000e+00]
 [1.00000000e+00]
 [2.58701598e-14]
 [7.69871620e-01]
 [9.95862206e-01]
 [9.33625194e-01]
 [3.52161159e-02]]

Accuracy : 1.0