---Start training---

Epoch: 500 Loss: [[4.51301578]]

Epoch: 1000 Loss: [[4.51301578]]

Epoch: 1500 Loss: [[4.51301578]]

Epoch: 2000 Loss: [[4.51301578]]

Epoch: 2500 Loss: [[4.51301578]]

Epoch: 3000 Loss: [[4.51301578]]

Epoch: 3500 Loss: [[4.51301578]]

Epoch: 4000 Loss: [[4.51301578]]

Epoch: 4500 Loss: [[4.51301578]]

Epoch: 5000 Loss: [[4.51301578]]

---Training finished---

Train result:

Accuracy: 0.51

Wrong Prediction Count: 49

---Start testing---

Test result:

Accuracy: 0.57

Wrong Prediction Count: 43

---Testing finished---

Test Prediction:

[[1.]
 [1.]
 [1.]
 [1.]
 [1.]
 [1.]
 [1.]
 [1.]
 [1.]
 [1.]
 [1.]
 [1.]
 [1.]
 [1.]
 [1.]
 [1.]
 [1.]
 [1.]
 [1.]
 [1.]
 [1.]
 [1.]
 [1.]
 [1.]
 [1.]
 [1.]
 [1.]
 [1.]
 [1.]
 [1.]
 [1.]
 [1.]
 [1.]
 [1.]
 [1.]
 [1.]
 [1.]
 [1.]
 [1.]
 [1.]
 [1.]
 [1.]
 [1.]
 [1.]
 [1.]
 [1.]
 [1.]
 [1.]
 [1.]
 [1.]
 [1.]
 [1.]
 [1.]
 [1.]
 [1.]
 [1.]
 [1.]
 [1.]
 [1.]
 [1.]
 [1.]
 [1.]
 [1.]
 [1.]
 [1.]
 [1.]
 [1.]
 [1.]
 [1.]
 [1.]
 [1.]
 [1.]
 [1.]
 [1.]
 [1.]
 [1.]
 [1.]
 [1.]
 [1.]
 [1.]
 [1.]
 [1.]
 [1.]
 [1.]
 [1.]
 [1.]
 [1.]
 [1.]
 [1.]
 [1.]
 [1.]
 [1.]
 [1.]
 [1.]
 [1.]
 [1.]
 [1.]
 [1.]
 [1.]
 [1.]]