---Start training---

Epoch: 5000 Loss: 0.007977623366236091 Accuracy: 0.997

Epoch: 10000 Loss: 0.005983313206361979 Accuracy: 0.997

Epoch: 15000 Loss: 0.004949776793869924 Accuracy: 0.997

Epoch: 20000 Loss: 0.0021363185698692463 Accuracy: 0.999

Epoch: 25000 Loss: 0.0015158302578024677 Accuracy: 1.0

Epoch: 30000 Loss: 0.0013218477315667832 Accuracy: 1.0

Epoch: 35000 Loss: 0.0012098192248263216 Accuracy: 1.0

Epoch: 40000 Loss: 0.001221522122464362 Accuracy: 0.999

---Training finished---

Training Time: 58.569005727767944

Train result:

Accuracy: 1.0

Wrong Prediction Count: 0

---Start testing---

Test result:

Accuracy: 1.0

Wrong Prediction Count: 0

---Testing finished---

Test Prediction:

[[1.69583148e-08]
 [1.61516163e-08]
 [1.00000000e+00]
 [1.66093306e-08]
 [1.64105817e-08]
 [1.64474957e-08]
 [1.00000000e+00]
 [1.00000000e+00]
 [1.60255301e-08]
 [1.00000000e+00]
 [9.99999995e-01]
 [1.62207867e-08]
 [1.61640965e-08]
 [1.60542590e-08]
 [1.63085482e-08]
 [1.00000000e+00]
 [2.41376283e-08]
 [1.60008072e-08]
 [1.00000000e+00]
 [1.00000000e+00]
 [1.00000000e+00]
 [1.63703731e-08]
 [1.67605743e-08]
 [1.00000000e+00]
 [1.67711476e-08]
 [1.62464074e-08]
 [1.00000000e+00]
 [1.67436733e-08]
 [1.00000000e+00]
 [1.64199008e-08]
 [1.00000000e+00]
 [2.13074202e-08]
 [1.75005695e-08]
 [1.63576566e-08]
 [9.99999999e-01]
 [1.00000000e+00]
 [1.72143822e-08]
 [1.63066878e-08]
 [1.64280117e-08]
 [1.59835461e-08]
 [3.74883002e-08]
 [1.00000000e+00]
 [1.65018434e-08]
 [2.45359850e-08]
 [1.00000000e+00]
 [1.66288889e-08]
 [1.80758604e-07]
 [1.70904533e-08]
 [2.63020041e-08]
 [1.90647233e-08]
 [1.00000000e+00]
 [1.00000000e+00]
 [1.66830921e-08]
 [1.62955886e-08]
 [4.44830130e-08]
 [1.68996875e-08]
 [1.62835521e-08]
 [9.99999995e-01]
 [1.65726765e-08]
 [1.80447789e-08]
 [1.00000000e+00]
 [1.66253101e-08]
 [1.00000000e+00]
 [1.00000000e+00]
 [1.68039723e-08]
 [1.00000000e+00]
 [1.62295169e-08]
 [1.65292078e-08]
 [1.00000000e+00]
 [1.61921495e-08]
 [1.00000000e+00]
 [1.00000000e+00]
 [1.65625645e-08]
 [1.61753244e-08]
 [1.00000000e+00]
 [1.00000000e+00]
 [1.00000000e+00]
 [1.00000000e+00]
 [1.00000000e+00]
 [1.77276344e-08]
 [1.79207225e-08]
 [4.23457096e-01]
 [1.00000000e+00]
 [1.00000000e+00]
 [1.69251016e-08]
 [1.00000000e+00]
 [1.00000000e+00]
 [1.60093667e-08]
 [1.64746246e-08]
 [1.62261120e-08]
 [2.69277492e-08]
 [1.70249981e-08]
 [1.00000000e+00]
 [1.00000000e+00]
 [1.00000000e+00]
 [1.00000000e+00]
 [1.64350804e-08]
 [1.77534127e-07]
 [1.00000000e+00]
 [1.65004046e-08]]
